50.79676716263162;32.26384162902832;10;0;0;12;0;;;;;param66:3:12000,par2:3:1;
50.79676716263162;32.26384162902832;10;0;0;12;0;;;;;param66:3:12000,par2:3:1;
50.798448921526344;32.25079536437988;0;0;0;12;0;;;;;param66:3:3000,par2:3:1;
50.798448921526344;32.25079536437988;0;0;0;12;0;;;;;param66:3:2000,par2:3:1;
50.798448921526344;32.25079536437988;0;0;0;12;0;;;;;param66:3:1000,par2:3:1;
50.798448921526344;32.25079536437988;0;0;0;12;0;;;;;param66:3:100,par2:3:1;
50.79855742002198;32.24307060241699;12;0;0;12;0;;;;;param66:3:12000,par2:3:1;
50.800401855906685;32.24268436431884;6;0;0;12;0;;;;;param66:3:12000,par2:3:1;
50.8002933616934;32.24161148071289;0;0;0;12;0;;;;;param66:3:12000,par2:3:1;
50.8002933616934;32.24161148071289;0;0;0;12;0;;;;;param66:3:11000,par2:3:1;
50.8002933616934;32.24161148071289;0;0;0;12;0;;;;;param66:3:8000,par2:3:1;
50.8002933616934;32.24161148071289;0;0;0;12;0;;;;;param66:3:1000,par2:3:1;
